0 0.106135 0.078667 0.034556 0.026667
1 0.106841 0.110000 0.034556 0.025333
1 0.106841 0.140667 0.034556 0.030667
1 0.106488 0.175333 0.035261 0.028000
0 0.106488 0.207333 0.035261 0.025333
1 0.106135 0.236000 0.034556 0.029333
0 0.106135 0.267333 0.034556 0.025333
0 0.106841 0.296667 0.034556 0.028000
1 0.107193 0.326667 0.033850 0.026667
0 0.107898 0.358000 0.035261 0.028000
1 0.107193 0.386667 0.035261 0.026667
1 0.107898 0.419333 0.032440 0.028000
0 0.108251 0.449333 0.034556 0.026667
1 0.109309 0.483333 0.035261 0.025333
1 0.111072 0.581333 0.033145 0.026667
1 0.110367 0.611333 0.033145 0.025333
1 0.111777 0.640000 0.033145 0.021333
1 0.111777 0.670667 0.031735 0.024000
1 0.111777 0.700667 0.033145 0.022667
1 0.110719 0.730667 0.033850 0.026667
1 0.110367 0.762000 0.034556 0.028000
0 0.111072 0.792667 0.034556 0.025333
0 0.110719 0.821333 0.033850 0.024000
1 0.110719 0.851333 0.035261 0.028000
1 0.110014 0.883333 0.033850 0.025333
0 0.110719 0.912667 0.036671 0.025333
1 0.111072 0.943333 0.034556 0.025333
1 0.111072 0.971333 0.034556 0.022667
0 0.074401 0.969333 0.033145 0.018667
1 0.074401 0.942667 0.031735 0.024000
1 0.072990 0.914000 0.030324 0.022667
0 0.073695 0.885333 0.033145 0.026667
0 0.074401 0.852000 0.031735 0.024000
0 0.073695 0.820667 0.034556 0.022667
0 0.074048 0.791333 0.033850 0.022667
0 0.072638 0.764000 0.032440 0.024000
1 0.073343 0.730667 0.036671 0.026667
1 0.075106 0.610000 0.034556 0.025333
1 0.075811 0.582667 0.034556 0.021333
1 0.072638 0.482667 0.033850 0.026667
0 0.072638 0.450667 0.035261 0.029333
0 0.071932 0.419333 0.033850 0.025333
0 0.071932 0.389333 0.035261 0.024000
0 0.070874 0.359333 0.035966 0.028000
1 0.070874 0.328000 0.034556 0.026667
1 0.183004 0.077333 0.037377 0.026667
1 0.181241 0.108667 0.039492 0.022667
1 0.182652 0.142000 0.036671 0.028000
1 0.185120 0.172667 0.040197 0.025333
1 0.185825 0.204000 0.040197 0.026667
1 0.186178 0.234667 0.039492 0.026667
0 0.186530 0.265333 0.035966 0.024000
1 0.186530 0.296667 0.035966 0.025333
1 0.187236 0.327333 0.035966 0.022667
0 0.188646 0.354667 0.037377 0.024000
1 0.187941 0.385333 0.035966 0.024000
0 0.189351 0.414000 0.034556 0.025333
1 0.190056 0.448667 0.035966 0.030667
0 0.188999 0.480667 0.033850 0.028000
0 0.190762 0.513333 0.035966 0.026667
1 0.225670 0.510667 0.033850 0.024000
1 0.226375 0.479333 0.032440 0.025333
0 0.227080 0.446667 0.035261 0.029333
1 0.224260 0.414667 0.029619 0.024000
1 0.225670 0.383333 0.033850 0.025333
0 0.226023 0.354000 0.033145 0.022667
0 0.226023 0.324667 0.034556 0.025333
1 0.225670 0.296000 0.036671 0.026667
1 0.225670 0.266000 0.035261 0.025333
1 0.226023 0.235333 0.033145 0.020000
1 0.224965 0.202000 0.035261 0.028000
1 0.225670 0.171333 0.033850 0.025333
0 0.227433 0.139333 0.030324 0.022667
1 0.227433 0.105333 0.033145 0.029333
0 0.227433 0.075333 0.027504 0.020000
0 0.191467 0.578667 0.033145 0.029333
1 0.226728 0.578000 0.033145 0.022667
1 0.190762 0.608667 0.035966 0.022667
0 0.227786 0.610000 0.035261 0.022667
0 0.228138 0.639333 0.034556 0.022667
1 0.190409 0.639333 0.036671 0.025333
0 0.191819 0.668667 0.033850 0.022667
1 0.228491 0.667333 0.033850 0.025333
0 0.227786 0.698000 0.035261 0.025333
1 0.190056 0.696667 0.033145 0.028000
0 0.190762 0.728000 0.034556 0.026667
1 0.228138 0.728000 0.033145 0.026667
0 0.228138 0.756667 0.031735 0.022667
0 0.192172 0.758000 0.034556 0.025333
0 0.191819 0.789333 0.036671 0.024000
1 0.229549 0.788000 0.031735 0.021333
1 0.229196 0.818000 0.036671 0.028000
0 0.191819 0.819333 0.033850 0.028000
1 0.192525 0.849333 0.033850 0.024000
0 0.228491 0.848000 0.033850 0.024000
1 0.228491 0.878000 0.036671 0.022667
0 0.191467 0.879333 0.031735 0.025333
1 0.190409 0.910000 0.033850 0.025333
0 0.192877 0.940000 0.035966 0.021333
1 0.229549 0.909333 0.031735 0.021333
1 0.230606 0.938667 0.032440 0.021333
1 0.192172 0.968667 0.033145 0.025333
1 0.228491 0.968000 0.031030 0.021333
1 0.302891 0.044000 0.033145 0.026667
1 0.340973 0.057333 0.027504 0.024000
1 0.342384 0.108667 0.030324 0.025333
0 0.303597 0.099333 0.031735 0.028000
0 0.303597 0.153333 0.030324 0.024000
1 0.342031 0.164000 0.029619 0.026667
1 0.339915 0.196000 0.032440 0.021333
1 0.304302 0.201333 0.031735 0.024000
0 0.305712 0.231333 0.034556 0.028000
1 0.340268 0.228667 0.030324 0.020000
1 0.341326 0.259333 0.029619 0.020000
1 0.305007 0.262000 0.034556 0.025333
1 0.305007 0.290000 0.031735 0.022667
0 0.340973 0.290000 0.031735 0.022667
1 0.303949 0.352000 0.032440 0.024000
1 0.339563 0.349333 0.028914 0.024000
1 0.340973 0.380667 0.030324 0.022667
1 0.307828 0.383333 0.031735 0.022667
1 0.305712 0.412000 0.031735 0.026667
1 0.341678 0.413333 0.030324 0.026667
1 0.306065 0.443333 0.033850 0.028000
1 0.341678 0.442667 0.028914 0.026667
1 0.306065 0.476000 0.033850 0.026667
1 0.342384 0.476000 0.033145 0.032000
1 0.306065 0.510667 0.031030 0.024000
1 0.343089 0.510000 0.033145 0.028000
1 0.308533 0.577333 0.031735 0.024000
1 0.342031 0.576000 0.029619 0.021333
1 0.343794 0.606000 0.028914 0.028000
0 0.308181 0.605333 0.033850 0.026667
1 0.308886 0.638000 0.032440 0.025333
1 0.345205 0.636000 0.031735 0.021333
1 0.346615 0.664667 0.034556 0.020000
0 0.308533 0.665333 0.033145 0.018667
1 0.308886 0.694000 0.033850 0.022667
1 0.345910 0.695333 0.034556 0.025333
0 0.345557 0.723333 0.032440 0.022667
1 0.309591 0.726667 0.032440 0.021333
0 0.310649 0.755333 0.033145 0.028000
0 0.346262 0.754000 0.033850 0.025333
0 0.345557 0.783333 0.033850 0.025333
0 0.347320 0.816000 0.035966 0.026667
1 0.308533 0.815333 0.037377 0.028000
1 0.308533 0.784000 0.034556 0.026667
0 0.309238 0.844667 0.035966 0.025333
1 0.346615 0.844667 0.031735 0.025333
0 0.347320 0.874667 0.034556 0.024000
1 0.308533 0.876000 0.035966 0.026667
1 0.309238 0.908000 0.034556 0.029333
0 0.347320 0.906667 0.034556 0.024000
0 0.309238 0.936000 0.033145 0.021333
1 0.346968 0.934000 0.032440 0.025333
1 0.347673 0.967333 0.033850 0.028000
1 0.308886 0.966000 0.035261 0.025333
1 0.422426 0.102000 0.036671 0.028000
1 0.458392 0.103333 0.031030 0.022667
0 0.421721 0.130667 0.032440 0.026667
1 0.457687 0.130667 0.029619 0.024000
1 0.422073 0.162667 0.035966 0.024000
1 0.459097 0.160000 0.028209 0.021333
1 0.539140 0.158000 0.031735 0.025333
1 0.538434 0.111333 0.031735 0.028000
1 0.539492 0.188667 0.033850 0.022667
1 0.459450 0.191333 0.030324 0.028000
1 0.422426 0.192000 0.033850 0.024000
1 0.422426 0.222000 0.035261 0.020000
1 0.458392 0.221333 0.031030 0.024000
0 0.540903 0.218667 0.036671 0.024000
1 0.539492 0.248667 0.033850 0.025333
1 0.422779 0.252000 0.037377 0.024000
1 0.458392 0.250000 0.031030 0.028000
1 0.540550 0.278667 0.033145 0.024000
1 0.574401 0.279333 0.028914 0.028000
1 0.423484 0.282000 0.034556 0.020000
1 0.423484 0.310000 0.035966 0.022667
1 0.460860 0.310000 0.031735 0.022667
1 0.540903 0.307333 0.036671 0.028000
1 0.421721 0.341333 0.035261 0.026667
1 0.460860 0.338667 0.031735 0.024000
1 0.422426 0.370667 0.033850 0.024000
1 0.461918 0.371333 0.031030 0.025333
1 0.542313 0.368000 0.033850 0.026667
0 0.423836 0.402000 0.035261 0.025333
1 0.460860 0.401333 0.035966 0.026667
1 0.541961 0.400000 0.031735 0.029333
1 0.542313 0.430667 0.033850 0.024000
1 0.424189 0.434667 0.034556 0.029333
1 0.462271 0.434000 0.033145 0.030667
1 0.460860 0.470000 0.035966 0.030667
1 0.425599 0.471333 0.033145 0.028000
1 0.424894 0.504667 0.034556 0.030667
1 0.464034 0.507333 0.031030 0.028000
1 0.541608 0.495333 0.031030 0.022667
1 0.541255 0.526000 0.033145 0.025333
1 0.540550 0.556000 0.034556 0.024000
1 0.540903 0.587333 0.032440 0.025333
1 0.542666 0.616667 0.033145 0.025333
0 0.542666 0.645333 0.033145 0.024000
1 0.425599 0.575333 0.031735 0.028000
1 0.459097 0.574000 0.026798 0.025333
1 0.424542 0.604000 0.033850 0.026667
1 0.461213 0.604667 0.032440 0.028000
1 0.425247 0.635333 0.033850 0.025333
1 0.460860 0.636000 0.031735 0.026667
1 0.422426 0.663333 0.032440 0.025333
1 0.462271 0.662667 0.034556 0.024000
1 0.464386 0.692667 0.035966 0.022667
1 0.426657 0.692667 0.033850 0.025333
0 0.543724 0.676667 0.031030 0.022667
0 0.542666 0.706667 0.031735 0.026667
0 0.427010 0.723333 0.034556 0.025333
0 0.462623 0.722000 0.033850 0.025333
0 0.462976 0.752667 0.035966 0.028000
0 0.426657 0.752667 0.033850 0.022667
0 0.543724 0.738000 0.033850 0.025333
1 0.426657 0.782000 0.035261 0.028000
1 0.460508 0.780667 0.032440 0.022667
1 0.542313 0.768000 0.035261 0.026667
1 0.543371 0.796667 0.031735 0.025333
0 0.543724 0.824000 0.032440 0.024000
0 0.426657 0.812667 0.033850 0.025333
1 0.464386 0.812667 0.035966 0.025333
0 0.464739 0.843333 0.036671 0.025333
0 0.426305 0.844000 0.034556 0.024000
1 0.426305 0.870667 0.034556 0.029333
0 0.464386 0.872000 0.031735 0.018667
0 0.427362 0.902667 0.029619 0.021333
1 0.425952 0.930667 0.032440 0.026667
1 0.426305 0.962000 0.031735 0.028000
1 0.578984 0.826000 0.031030 0.025333
1 0.578632 0.796667 0.030324 0.022667
1 0.583568 0.770667 0.040197 0.026667
1 0.581100 0.737333 0.032440 0.021333
1 0.577927 0.706667 0.031735 0.021333
1 0.579337 0.676000 0.034556 0.018667
1 0.581100 0.644000 0.032440 0.029333
1 0.580042 0.616000 0.034556 0.024000
0 0.578984 0.586000 0.031030 0.022667
1 0.575106 0.555333 0.028914 0.025333
1 0.576869 0.526000 0.032440 0.025333
1 0.576869 0.496000 0.031030 0.024000
1 0.577221 0.432000 0.030324 0.026667
1 0.576869 0.398667 0.031030 0.024000
1 0.577574 0.370000 0.032440 0.022667
1 0.575106 0.308667 0.030324 0.025333
1 0.576869 0.247333 0.031030 0.025333
1 0.576164 0.219333 0.029619 0.022667
1 0.575811 0.188667 0.031735 0.022667
0 0.577927 0.159333 0.033145 0.025333
0 0.576516 0.124667 0.030324 0.030667
0 0.575811 0.071333 0.033145 0.028000
1 0.538082 0.054667 0.029619 0.032000
1 0.660437 0.824000 0.034556 0.024000
1 0.695698 0.824000 0.033145 0.024000
1 0.776798 0.820000 0.034556 0.021333
1 0.813822 0.824000 0.033850 0.026667
0 0.813470 0.794000 0.035966 0.028000
0 0.776446 0.792667 0.035261 0.025333
0 0.813117 0.763333 0.035261 0.025333
0 0.813822 0.732667 0.035261 0.025333
0 0.777151 0.731333 0.035261 0.025333
1 0.777151 0.762000 0.035261 0.025333
1 0.696051 0.763333 0.035261 0.025333
1 0.696051 0.734000 0.035261 0.025333
1 0.696051 0.703333 0.035261 0.025333
1 0.696051 0.644667 0.035261 0.025333
1 0.658674 0.644667 0.035261 0.025333
1 0.657969 0.675333 0.035261 0.025333
0 0.696051 0.675333 0.035261 0.025333
0 0.659379 0.704667 0.035261 0.025333
0 0.658674 0.734000 0.035261 0.025333
0 0.658674 0.763333 0.035261 0.025333
0 0.696756 0.794000 0.035261 0.025333
1 0.659379 0.794000 0.035261 0.025333
1 0.657969 0.614000 0.035261 0.025333
1 0.694640 0.612667 0.035261 0.025333
1 0.775740 0.703333 0.035261 0.025333
1 0.813117 0.703333 0.035261 0.025333
0 0.776446 0.674000 0.035261 0.025333
0 0.813117 0.674000 0.035261 0.025333
0 0.813117 0.644667 0.035261 0.025333
0 0.775740 0.644667 0.035261 0.025333
0 0.775740 0.614000 0.035261 0.025333
0 0.811707 0.614000 0.035261 0.025333
1 0.695346 0.584667 0.035261 0.025333
1 0.658674 0.583333 0.035261 0.025333
1 0.658674 0.554000 0.035261 0.025333
1 0.658674 0.524667 0.035261 0.025333
1 0.658674 0.495333 0.035261 0.025333
1 0.776446 0.554000 0.035261 0.025333
1 0.696051 0.523333 0.035261 0.025333
1 0.694640 0.520667 0.035261 0.025333
1 0.811707 0.583333 0.035261 0.025333
1 0.812412 0.522000 0.035261 0.025333
1 0.812412 0.492667 0.035261 0.025333
1 0.775740 0.492667 0.035261 0.025333
1 0.696051 0.495333 0.035261 0.025333
0 0.775035 0.523333 0.035261 0.025333
0 0.813117 0.554000 0.035261 0.025333
0 0.696051 0.554000 0.035261 0.025333
1 0.657264 0.427333 0.035261 0.025333
1 0.695346 0.427333 0.035261 0.025333
1 0.657969 0.397333 0.033850 0.024000
1 0.657969 0.366667 0.033850 0.024000
1 0.658674 0.336000 0.033850 0.024000
1 0.657969 0.306667 0.033850 0.024000
1 0.658674 0.277333 0.033850 0.024000
1 0.657969 0.246667 0.033850 0.024000
1 0.657264 0.216000 0.033850 0.024000
1 0.656559 0.185333 0.033850 0.024000
1 0.655853 0.156000 0.033850 0.024000
1 0.654443 0.126667 0.033850 0.024000
1 0.655853 0.097333 0.033850 0.024000
1 0.693230 0.096000 0.033850 0.024000
1 0.693935 0.128000 0.033850 0.024000
1 0.693935 0.157333 0.033850 0.024000
1 0.695346 0.185333 0.033850 0.024000
1 0.695346 0.216000 0.033850 0.024000
1 0.696051 0.245333 0.033850 0.024000
1 0.695346 0.277333 0.033850 0.024000
1 0.695346 0.306667 0.033850 0.024000
1 0.695346 0.337333 0.033850 0.024000
1 0.696051 0.368000 0.033850 0.024000
0 0.694993 0.397333 0.033145 0.024000
1 0.775035 0.423333 0.035261 0.025333
1 0.813117 0.423333 0.035261 0.025333
1 0.813117 0.392667 0.035261 0.025333
1 0.774330 0.363333 0.035261 0.025333
0 0.774330 0.394000 0.035261 0.025333
0 0.811707 0.364667 0.035261 0.025333
0 0.811707 0.306000 0.035261 0.025333
1 0.772920 0.304000 0.035261 0.026667
1 0.773625 0.273333 0.035261 0.026667
1 0.811001 0.273333 0.035261 0.026667
1 0.811001 0.244000 0.035261 0.026667
1 0.773272 0.246000 0.035966 0.022667
1 0.774330 0.214000 0.033850 0.025333
1 0.773625 0.183333 0.033850 0.025333
1 0.809591 0.184667 0.033850 0.025333
1 0.811001 0.154000 0.033850 0.022667
1 0.811001 0.123333 0.033850 0.022667
1 0.810296 0.092667 0.033850 0.022667
1 0.774330 0.120667 0.033850 0.022667
1 0.774330 0.091333 0.033850 0.022667
0 0.773625 0.154667 0.033850 0.018667
0 0.809944 0.214000 0.034556 0.025333
1 0.896333 0.823333 0.036671 0.028000
1 0.947461 0.823333 0.031735 0.028000
0 0.894922 0.794667 0.035261 0.026667
0 0.947109 0.793333 0.035261 0.026667
0 0.948519 0.764000 0.035261 0.026667
0 0.893512 0.764000 0.035261 0.026667
0 0.894217 0.733333 0.035261 0.026667
0 0.894217 0.702667 0.035261 0.026667
0 0.947109 0.704000 0.035261 0.026667
1 0.944640 0.733333 0.031735 0.026667
1 0.892454 0.674000 0.035966 0.025333
0 0.944288 0.673333 0.031030 0.026667
0 0.943583 0.641333 0.031030 0.026667
0 0.892454 0.641333 0.033145 0.024000
0 0.892454 0.611333 0.033145 0.025333
0 0.944288 0.610667 0.031030 0.026667
0 0.944288 0.581333 0.031030 0.026667
0 0.892454 0.580667 0.033145 0.025333
1 0.892807 0.550000 0.035261 0.022667
0 0.942525 0.550667 0.028914 0.026667
0 0.892454 0.520000 0.035966 0.029333
0 0.943583 0.520667 0.032440 0.025333
0 0.944640 0.492667 0.031735 0.025333
1 0.891396 0.488667 0.035261 0.022667
1 0.891749 0.423333 0.035966 0.030667
1 0.941114 0.424000 0.030324 0.024000
1 0.941819 0.392667 0.031735 0.025333
0 0.891396 0.392667 0.035261 0.025333
0 0.891396 0.363333 0.035261 0.025333
0 0.941819 0.364000 0.033145 0.024000
0 0.891396 0.332667 0.035261 0.025333
0 0.941467 0.335333 0.028209 0.022667
1 0.891396 0.303333 0.038082 0.025333
1 0.942172 0.302667 0.032440 0.026667
1 0.940056 0.272000 0.031030 0.021333
1 0.939704 0.241333 0.030324 0.026667
1 0.941114 0.210667 0.031735 0.026667
1 0.940762 0.183333 0.031030 0.022667
1 0.939704 0.153333 0.028914 0.024000
1 0.892102 0.084667 0.036671 0.025333
1 0.891396 0.118000 0.038082 0.022667
1 0.891044 0.150000 0.035966 0.022667
1 0.891044 0.181333 0.034556 0.021333
1 0.891749 0.212000 0.038787 0.029333
1 0.889633 0.244000 0.038787 0.029333
0 0.891044 0.272667 0.035966 0.025333
0 0.941819 0.124667 0.030324 0.022667
